200 0.029911
200 0.037274
200 0.025468
200 0.037061
200 0.021533
200 0.021206
200 0.022712
200 0.036490
200 0.027234
200 0.029927
200 0.030512
200 0.028786
200 0.033656
200 0.040304
200 0.021982
200 0.032907
200 0.026481
200 0.030876
200 0.031716
200 0.029262
200 0.040549
200 0.041484
200 0.026364
200 0.033328
200 0.036645
200 0.029052
200 0.027757
200 0.026705
200 0.031464
200 0.033187
200 0.031951
200 0.027313
200 0.026970
200 0.029908
200 0.026030
200 0.033044
200 0.021206
200 0.027686
200 0.025280
200 0.026703
200 0.024972
200 0.031008
200 0.026162
200 0.025212
200 0.028029
200 0.021937
200 0.021457
200 0.035912
200 0.020168
200 0.022195
